Planet 256 440 3 1
Planet 2368 1152 2 2
Planet 5888 896 4 3
Planet 6524 384 2 1
Planet 12200 1088 5 2
Planet 17280 568 5 3
Planet 21056 -64 2 1
Planet 22272 768 5 3
Bricks -448 0 36 1 1
Gun 576 64
Bricks 704 64 1 2 2
Coin 704 192
Coin 1088 256
Coin 1472 256
Bricks 896 64 1 2 2
Spike 768 64
Spike 832 64
Bricks 1088 64 1 3 2
Spike 960 64
Spike 1024 64
Bricks 1280 64 1 3 2
Spike 1152 64
Spike 1216 64
Bricks 1472 64 1 3 2
Spike 1344 64
Spike 1408 64
Enemy 1792 64 2000 2000
Enemy 2304 64 2000 2000
Bricks 1856 -448 1 8 1
Brick 1856 64 2

Bricks 1856 -448 7 1 1
Spike 1920 -384
Spike 1984 -384
Spike 2048 -384
Spike 2112 -384
Spike 2176 -384
Bricks 2240 -384 1 7 1
Brick 2240 64 2
Bricks 2304 0 54 1 1
Bricks 2624 64 1 2 2
Brick 2688 64 2
Spike 2752 64
Spike 2816 64
Spike 2880 64
Brick 2944 64 2
Coin 2944 128
Bricks 3008 64 1 2 2
Brick 3328 64 2
Bricks 3392 64 1 3 2
Bricks 3456 192 8 1 2
Box 3456 64
Coin 3904 384
Bricks 3968 384 3 1 2
Bricks 4096 448 46 1 2
Coin 4160 512
Coin 4352 512
Coin 4554 512
Enemy 4416 256 2000 2000
Enemy 4864 256 2000 2000
Box 4736 512
Bricks 4800 512 1 2 2
Bricks 4160 192 5 1 2
Bricks 4608 192 5 1 2
Coin 4224 256
Coin 4352 256
Coin 4672 256
Coin 4800 256
Bricks 5248 192 1 4 2
Box 5632 64

Brick 896 1024 2
Coin 896 1088
Brick 1088 1024 2
Coin 1088 1088
Brick 1280 1024 2
Coin 1280 1088
Bricks 1472 1024 12 1 2
Box 1536 1088
Box 1664 1088
Box 1920 1088
Box 1792 1088
Box 2048 1088
Brick 2560 1024 2
Coin 2560 1088
Brick 2880 1024 2
Coin 2880 1088
Brick 3200 1024 2
Coin 3200 1088
Bricks 3456 1024 2 1 2
Bricks 3776 1024 2 1 2
WeakBrick 4032 960
WeakBrick 4160 832
WeakBrick 4352 832
WeakBrick 4480 704
WeakBrick 4672 704

Coin 5504 512
Coin 5760 512
Coin 6016 512
Cannon 6336 506 TRUE
Box 6720 512
Brick 6976 512 2

WeakBrick 5824 128
WeakBrick 5888 128
WeakBrick 5952 128
Coin 5888 192
WeakBrick 6208 128
WeakBrick 6272 128
WeakBrick 6336 128
Coin 6272 192
WeakBrick 6592 128
WeakBrick 6656 128
WeakBrick 6720 128
Coin 6656 192
Bricks 6848 0 28 1 1
Bricks 7104 64 1 2 2
Coin 7296 64
Bricks 7488 64 1 2 2
Coin 7680 64
Bricks 7872 64 1 2 2
Coin 8064 64
Bricks 8256 64 1 2 2

Enemy 7424 64 2000 2000
Enemy 7808 64 2000 2000
Enemy 8192 64 2000 2000
Brick 7232 512 2
Coin 7232 576
Brick 7488 512 2
Coin 7488 576
Brick 7744 512 2
Coin 7744 576
Brick 8000 512 2
Coin 8000 576
Brick 8256 512 2
Box 8256 576
Checkpoint 8448 64
Enemy 9024 960 2000 2000
Brick 8960 0 1
Coin 8960 64
Brick 9344 0 1
Coin 9344 64
Bricks 9728 0 13 1 1
Coin 9856 64
Bricks 10048 64 8 1 2
Bricks 10112 128 7 1 2
Coin 10112 192
Bricks 10176 192 6 1 2
Bricks 10240 256 5 1 2
Coin 10240 320
Bricks 10304 320 4 1 2
Bricks 10368 384 3 1 2
Bricks 10432 448 28 1 2
Box 10432 512
Bricks 10496 512 1 6 2
Box 10560 512
Box 10624 512
Box 10560 576
Bricks 8640 896 12 1 2
Bricks 8640 960 1 6 2
Box 8704 960
Coin 8896 960
Coin 9088 960
Bricks 9344 832 2 1 2
Bricks 9408 768 2 1 2
Bricks 9472 704 2 1 2
Bricks 9536 640 2 1 2
Bricks 9600 576 2 1 2
WeakBrick 9664 896
Brick 9984 896 2
Bricks 9664 512 8 1 2
Coin 9792 576
Coin 10048 576
Brick 9984 896 2
Bricks 10304 896 30 1 2
Coin 10304 960
Cannon 10624 954 TRUE
Enemy 11136 960 2000 2000
Enemy 11520 960 2000 2000
Enemy 11904 960 2000 2000
Brick 10816 960 2
Coin 10816 1024
Brick 11200 960 2
Coin 11200 1024
Brick 11584 960 2
Coin 11584 1024
Brick 11968 960 2
Coin 11968 1024
Coin 11008 512
Coin 11392 512
Coin 11776 512
Coin 12160 512
Bricks 12416 896 8 1 2
Coin 12480 960
Coin 12800 960
Brick 12544 448 2
WeakBrick 12672 512
Coin 12672 576
WeakBrick 12800 576
WeakBrick 12928 640
Coin 12928 704
Brick 13056 704 2
Bricks 13120 768 2 1 2
Bricks 13248 832 2 1 2
Coin 13184 832
Bricks 12096 0 21 1 1
Spike 12096 64
Spike 12160 64
Spike 12224 64
Spike 12288 64
Spike 12352 64
Spike 12416 64
Spike 12480 64
Spike 12544 64
Spike 12608 64
Spike 12672 64
Spike 12736 64
Spike 12800 64
Spike 12864 64
Spike 12928 64
Spike 12992 64
Spike 13056 64
Spike 13120 64
Spike 13184 64
Spike 13248 64
Spike 13312 64
Spike 13376 64
Bricks 13376 896 13 1 2
Brick 13504 1088 2
Brick 14016 1088 2
Coin 13568 960
Coin 13952 960
Bricks 13568 1088 1 2 2
Coin 13568 1216
Bricks 13632 1088 5 1 2
Coin 13760 1152
Enemy 13888 1152 2000 2000
Enemy 14080 1024 2000 2000
Bricks 13952 1088 1 2 2
Coin 13952 1216
Brick 14400 896 2
Coin 14400 960
Brick 14656 896 2
Coin 14656 960
Bricks 14912 896 5 1 2
Checkpoint 15040 960

Bricks 15552 896 3 1 2
Coin 15616 960
Bricks 16064 896 3 1 2
Coin 16128 960
Bricks 16576 896 3 1 2
Coin 16640 960
Coin 17024 320

Bricks 17408 320 7 1 2
Cannon 17664 378 TRUE
Coin 17792 448
Bricks 18176 320 7 1 2
Coin 18176 448
Cannon 18304 378 FALSE
Bricks 17664 -64 1 2 2 
Bricks 17728 -64 9 1 2
Bricks 17408 -448 20 1 1
Bricks 16704 768 1 2 2
Bricks 16768 640 1 3 2
Bricks 16832 512 1 3 2
Bricks 16896 384 1 3 2
Bricks 16960 256 1 3 2
Bricks 17024 128 1 3 2
Bricks 17088 0 1 3 2
Bricks 17152 -64 1 2 2
Bricks 17152 -128 1 2 1
Bricks 17216 -256 1 3 1
Bricks 17280 -384 1 3 1
Bricks 17344 -448 1 2 1
Enemy 17728 0 2000 2000
Box 17920 0
Box 17984 0
Box 18048 0
Enemy 18240 0 2000 2000
Brick 18304 0 2
Spike 17856 -384
Spike 17984 -384
Spike 18112 -384
Brick 18240 -384 1
Enemy 18432 -384 2000 2000
Bricks 18688 -448 1 3 1
Bricks 18752 -320 1 3 1
Bricks 18816 -192 1 3 1
Brick 18880 -64 1
Bricks 18880 0 1 2 2
Bricks 18944 64 1 3 2
Bricks 19008 192 1 3 2
Bricks 19072 320 1 3 2 
Bricks 19136 384 6 1 2
Brick 19456 448 2
Coin 19072 512
Coin 19456 512
Enemy 19200 448 2000 2000
Coin 19328 448
Bricks 19520 0 5 1 2
Box 19648 64
Bricks 19840 384 5 1 2
Coin 19968 448
Bricks 20160 0 5 1 2
Box 20288 64
Bricks 20480 384 5 1 2
Coin 20608 448
Bricks 21120 384 5 1 2
Coin 21248 448
Bricks 20672 -448 18 1 1
Box 20800 -384
Cannon 20992 -390 FALSE
Bricks 21760 -384 1 2 1
Brick 21632 -128 2
Brick 21760 64 2
Brick 21696 256 2
Bricks 21824 384 5 1 2
Checkpoint 21952 448
Platform 22144 384 0 900 true
Brick 22912 384 2
Coin 22912 448
Platform 22976 384 0 900 true
Brick 23616 384 2
Coin 23616 448
Platform 23680 384 0 900 true
Brick 24320 384 2
Coin 24320 448
Platform 24384 384 832 832 false
Bricks 24320 -448 10 1 1
Bricks 24512 1152 10 1 2
Planet 24640 320 5 2
Box 24640 1216
Box 24768 1216
Box 24896 1216
Coin 24384 -384
Coin 24512 -384
Cannon 24768 -390 TRUE
Bricks 25280 -448 24 1 1
Bricks 25472 -384 1 3 1
Coin 25472 -192
Spike 25536 -384
Spike 25600 -384
Spike 25664 -384
Bricks 25728 -384 1 3 1
Coin 25728 -192
Spike 25792 -384
Spike 25856 -384
Spike 25920 -384
Bricks 25984 -384 1 6 1
Coin 25984 0
Spike 26048 -384
Spike 26112 -384
Spike 26176 -384
Bricks 26240 -384 1 6 1
Coin 26240 0
Spike 26304 -384
Spike 26368 -384
Spike 26432 -384
Bricks 26496 -384 1 9 1
Coin 26496 192
Spike 26560 -384
Spike 26624 -384
Spike 26688 -384
Bricks 26752 -384 1 9 1
Bricks 26816 0 9 1 1
Bricks 26816 64 2 1 1
Brick 26816 128 1
Box 26816 192
Checkpoint 27136 64
WeakBrick 27712 0
WeakBrick 28096 0
WeakBrick 28480 0
Bricks 28864 0 11 1 1
Box 29184 64
Spike 28928 64
Spike 28992 64
Spike 29056 64
Spike 29312 64
Spike 29376 64
Spike 29440 64
Platform 29568 0 0 1280 true
Bricks 30848 0 34 1 1
Pole 32768 64
Coin 30912 128
Coin 30912 192
Coin 30848 256
Coin 30848 320
Coin 30976 256
Coin 30976 320
Coin 31104 128
Coin 31104 192
Coin 31104 256
Coin 31104 320
Coin 31168 128
Coin 31164 320
Coin 31232 128
Coin 31232 192
Coin 31232 256
Coin 31232 320
Coin 31360 128
Coin 31360 192
Coin 31360 256
Coin 31360 320
Coin 31424 128
Coin 31488 128
Coin 31488 192
Coin 31488 256
Coin 31488 320
Coin 31744 128
Coin 31680 192
Coin 31680 256
Coin 31680 320
Coin 31808 192
Coin 31808 256
Coin 31872 128
Coin 31936 192
Coin 31936 256
Coin 31936 320
Coin 32064 128
Coin 32064 192
Coin 32064 256
Coin 32064 320
Coin 32128 128
Coin 32128 320
Coin 32192 128
Coin 32192 192
Coin 32192 256
Coin 32192 320
Coin 32320 128
Coin 32320 192
Coin 32320 256
Coin 32320 320
Coin 32384 256
Coin 32448 192
Coin 32512 128
Coin 32512 192
Coin 32512 256
Coin 32512 320